 7 8 2
 7 8 4
 7 9 4
 7 9 8
 8 8 2
 8 9 8
 9 9 8
 10 8 2
 10 9 8
 11 8 2
 11 8 6
 11 9 6
 7 4 2
 7 4 4
 7 6 4
 7 7 4
 7 7 8
 8 3 2
 8 3 4
 8 7 8
 9 3 2
 10 3 2
 10 6 6
 10 7 6
 10 7 8
 11 3 2
 11 3 6
 11 4 6
 11 5 6
 11 5 8
 4 2 2
 4 3 4
 4 4 4
 4 5 4
 4 6 4
 4 6 8
 5 2 2
 5 6 8
 6 2 2
 6 2 6
 6 3 6
 6 4 6
 6 6 6
 6 6 8
 1 1 2
 1 1 4
 1 2 4
 1 3 4
 1 4 4
 1 5 4
 1 6 4
 1 6 8
 2 1 2
 3 1 2
 3 1 6
 3 3 6
 3 4 6
 3 5 6
 3 6 6
 3 6 8
 2 7 4
 2 8 4
 2 9 4
 2 9 8
 3 7 2
 3 7 6
 3 8 6
 3 9 6
 3 9 8
 7 10 2
 7 10 4
 7 12 4
 7 12 8
 8 10 2
 8 12 8
 9 10 2
 9 12 8
 10 10 2
 10 12 8
 11 10 6
 11 11 6
 11 12 6
 5 10 2
 5 10 4
 5 11 4
 5 12 4
 5 12 8
 6 10 6
 6 12 6
 6 12 8
 4 7 2
 4 7 4
 4 8 4
 4 9 4
 5 7 2
 5 9 8
 6 7 2
 6 7 6
 6 8 6
 6 9 6
 3 10 2
 3 10 4
 3 11 4
 3 11 8
 4 10 6
 4 11 6
 4 11 8
 8 13 2
 8 13 4
 8 14 4
 8 16 4
 8 16 8
 9 13 2
 9 16 8
 10 13 2
 10 16 8
 11 16 8
 12 13 2
 12 13 6
 12 14 6
 12 16 6
 12 16 8
 5 13 2
 5 13 4
 5 14 4
 5 16 4
 5 16 8
 6 13 2
 6 16 8
 7 13 2
 7 13 6
 7 14 6
 7 16 6
 7 16 8
 1 14 2
 1 14 4
 1 15 4
 1 15 8
 2 14 2
 2 15 8
 3 12 2
 3 12 4
 3 13 4
 3 15 8
 4 12 2
 4 12 6
 4 13 6
 4 14 6
 4 15 8
 13 13 2
 13 13 4
 13 14 4
 13 15 8
 14 13 2
 14 15 8
 15 13 2
 15 15 8
 16 15 8
 17 13 2
 17 15 8
 18 13 2
 18 15 8
 19 13 2
 19 13 6
 19 14 6
 19 15 8
 16 11 2
 16 11 4
 16 12 4
 17 11 2
 17 12 8
 18 11 2
 18 12 8
 19 11 2
 19 11 6
 19 12 6
 19 12 8
 20 13 2
 20 13 4
 20 14 4
 20 15 8
 21 13 2
 21 15 8
 22 13 2
 22 15 8
 23 15 8
 24 15 8
 25 15 8
 26 13 6
 26 14 6
 26 15 6
 26 15 8
 20 10 2
 20 10 4
 20 11 4
 20 12 4
 20 12 8
 21 10 2
 21 12 8
 22 10 2
 22 12 8
 23 10 2
 23 10 6
 23 11 6
 23 12 6
 24 10 2
 24 10 4
 24 11 4
 24 12 4
 26 10 2
 27 10 2
 27 10 6
 27 11 6
 27 12 6
 27 12 8
 24 3 2
 24 4 4
 24 5 4
 24 6 4
 24 7 4
 24 8 4
 24 9 4
 24 9 8
 25 3 2
 26 3 2
 26 3 6
 26 4 6
 26 5 6
 26 6 6
 26 7 6
 26 8 6
 26 9 6
 26 9 8
 19 1 2
 19 1 4
 19 2 4
 19 4 4
 19 5 4
 19 5 8
 20 1 2
 20 3 6
 20 5 8
 21 1 2
 21 2 8
 21 4 2
 22 1 2
 22 3 4
 22 5 8
 23 1 2
 23 1 6
 23 2 6
 23 4 6
 23 5 6
 23 5 8
 20 6 2
 20 6 4
 20 7 4
 20 8 4
 20 9 4
 20 9 8
 21 9 8
 22 6 2
 22 9 8
 23 6 2
 23 6 6
 23 7 6
 23 8 6
 23 9 6
 23 9 8
 16 2 2
 16 2 4
 16 4 4
 16 5 4
 16 5 8
 17 2 2
 17 5 8
 18 2 2
 18 2 6
 18 4 6
 18 5 6
 18 5 8
 12 1 2
 12 1 4
 12 2 4
 12 3 4
 12 4 4
 12 5 4
 12 6 4
 12 7 4
 13 1 2
 13 7 8
 14 1 2
 14 7 8
 15 1 2
 15 1 6
 15 2 6
 15 4 6
 15 5 6
 15 6 6
 15 7 6
 15 7 8
 12 8 4
 12 9 4
 12 10 4
 12 11 4
 12 12 4
 12 12 8
 13 8 2
 13 12 8
 14 8 2
 14 12 8
 15 8 2
 15 8 6
 15 9 6
 15 11 6
 15 12 6
 15 12 8
 16 6 2
 16 6 4
 16 7 4
 16 8 4
 16 9 4
 16 10 8
 17 6 2
 17 6 6
 17 7 6
 17 10 8
 18 8 2
 18 10 8
 19 8 2
 19 8 6
 19 9 6
 19 10 6
 19 10 8
