 20 19 8
 21 19 8
 22 17 6
 22 18 6
 22 19 6
 22 19 8
 6 19 4
 6 19 8
 7 19 8
 8 19 8
 9 19 8
 2 13 4
 2 14 4
 2 15 4
 2 15 8
 2 9 2
 2 9 4
 2 10 4
 2 10 8
 3 9 2
 3 9 6
 3 10 6
 1 8 2
 1 8 4
 1 9 4
 1 10 4
 1 11 4
 1 12 4
 1 12 8
 3 8 2
 4 8 2
 5 8 2
 5 8 6
 5 9 6
 5 10 6
 5 12 6
 1 4 2
 1 4 4
 1 5 4
 1 6 4
 1 7 4
 1 7 8
 2 4 2
 3 4 2
 3 7 8
 4 4 2
 4 5 6
 4 6 6
 4 7 6
 4 7 8
 5 4 2
 5 5 4
 5 6 4
 5 7 4
 5 7 8
 6 4 2
 6 7 8
 7 4 2
 7 7 8
 8 4 2
 8 4 6
 8 5 6
 8 6 6
 8 7 6
 6 8 2
 6 8 4
 6 9 4
 6 10 4
 6 10 8
 7 8 2
 7 10 8
 8 10 8
 9 8 2
 9 8 6
 9 9 6
 9 10 6
 9 10 8
 6 11 2
 6 12 4
 7 11 2
 8 11 2
 9 11 2
 9 11 6
 9 13 6
 9 14 6
 9 16 6
 10 8 2
 10 8 4
 10 9 4
 10 10 4
 10 11 4
 10 12 8
 11 12 8
 12 8 2
 12 8 6
 12 9 6
 12 10 6
 12 11 6
 12 12 8
 9 4 2
 9 4 4
 9 5 4
 9 6 4
 9 6 8
 10 4 2
 10 7 4
 10 7 8
 11 4 2
 11 7 6
 12 4 6
 12 5 6
 12 6 6
 12 6 8
 9 2 2
 10 2 2
 11 2 2
 12 2 2
 5 1 2
 5 1 4
 5 3 4
 5 3 8
 6 1 2
 6 3 8
 7 1 2
 7 3 8
 8 1 2
 8 1 6
 8 3 6
 8 3 8
 1 2 2
 1 2 4
 1 3 4
 2 2 2
 3 2 2
 4 2 2
 3 16 2
 3 16 4
 3 17 4
 3 18 4
 3 18 8
 4 18 8
 5 18 8
 10 15 2
 10 16 4
 10 19 8
 11 15 2
 11 19 8
 12 15 2
 12 15 6
 12 16 6
 12 17 6
 12 19 6
 12 19 8
 13 17 4
 13 18 8
 14 17 6
 14 18 8
 15 16 2
 15 16 4
 15 17 4
 15 18 8
 16 16 2
 16 16 6
 16 17 6
 16 18 6
 16 18 8
 10 13 2
 10 13 4
 10 14 4
 10 14 8
 11 13 2
 11 14 8
 12 13 2
 12 13 6
 12 14 8
 13 5 4
 13 6 4
 13 7 4
 13 8 4
 13 9 4
 13 10 4
 13 11 4
 14 5 2
 14 11 8
 15 5 2
 15 11 8
 16 5 6
 16 6 6
 16 7 6
 16 8 6
 16 9 6
 16 10 6
 16 11 6
 15 2 2
 15 2 4
 15 3 4
 15 4 4
 15 4 8
 16 2 2
 16 2 6
 16 3 6
 16 4 6
 13 2 2
 13 4 4
 14 2 2
 14 2 6
 14 3 6
 14 4 6
 14 4 8
 15 12 2
 15 12 4
 15 13 4
 15 14 4
 15 15 4
 15 15 8
 16 12 6
 16 13 6
 16 14 6
 16 15 8
 17 15 2
 17 16 4
 17 17 4
 17 18 4
 17 19 4
 17 19 8
 18 15 2
 18 19 8
 19 15 2
 19 15 6
 19 19 6
 19 19 8
 20 12 2
 20 13 4
 20 13 8
 20 15 2
 20 15 4
 20 16 8
 21 12 2
 21 14 4
 21 16 8
 22 12 2
 22 14 6
 22 16 8
 23 12 2
 23 12 6
 23 13 6
 23 13 8
 23 15 2
 23 15 6
 23 16 6
 23 16 8
 17 7 2
 17 7 4
 17 8 4
 17 9 4
 17 10 4
 17 11 4
 17 12 4
 17 12 8
 19 8 6
 19 9 6
 19 11 6
 19 12 8
 17 13 2
 17 13 4
 17 14 4
 17 14 8
 18 14 8
 19 13 2
 19 13 6
 19 14 6
 19 14 8
 20 4 2
 20 4 4
 20 5 4
 20 6 4
 22 4 2
 22 4 6
 22 5 6
 22 6 6
 22 7 6
 22 7 8
 21 2 2
 21 2 4
 21 3 4
 22 2 2
 22 2 6
 22 3 6
 22 3 8
 21 8 6
 21 9 6
 21 10 6
 21 11 6
 17 1 2
 17 1 4
 17 2 4
 17 3 4
 18 1 2
 18 3 8
 19 1 2
 19 3 8
 20 1 2
 20 1 6
 20 2 6
 20 3 6
 20 3 8
