 7 2 2
 8 2 2
 15 11 8
 9 1 2
 9 1 4
 10 1 2
 11 1 2
 12 1 2
 13 1 2
 14 1 2
 15 1 2
 15 1 6
 12 7 4
 12 7 8
 13 7 8
 15 4 2
 15 4 6
 15 5 6
 15 6 6
 15 7 6
 15 7 8
 2 1 2
 2 1 4
 2 2 4
 2 3 4
 2 4 4
 2 4 8
 3 1 2
 4 1 2
 5 1 2
 6 1 2
 6 1 6
 3 5 4
 3 6 4
 3 7 4
 3 8 4
 1 9 2
 1 9 4
 1 10 4
 1 11 4
 1 11 8
 2 9 2
 3 11 8
 4 11 8
 5 11 8
 6 11 8
 2 12 4
 2 13 4
 2 14 4
 3 12 2
 4 12 2
 5 12 2
 6 12 2
 1 15 2
 1 15 4
 1 16 4
 1 17 4
 1 18 4
 1 18 8
 2 18 8
 3 18 8
 4 18 8
 5 18 8
 6 18 6
 6 18 8
 7 16 4
 7 17 8
 8 17 8
 9 18 4
 9 18 8
 10 18 8
 11 18 8
 12 18 8
 13 16 2
 13 18 8
 10 15 8
 12 12 6
 12 13 6
 12 14 6
 12 15 6
 12 15 8
 14 16 2
 14 16 4
 14 18 4
 14 18 8
 15 16 2
 15 17 6
 15 18 8
 16 16 8
 16 18 2
 16 18 8
 17 16 2
 17 17 4
 17 18 8
 18 16 2
 18 18 8
 13 12 4
 13 13 4
 13 14 4
 13 14 8
 14 12 2
 14 12 6
 14 15 4
 14 15 8
 15 13 2
 15 15 8
 16 12 2
 16 12 4
 16 15 6
 17 12 6
 17 13 6
 17 14 6
 17 14 8
 18 8 2
 18 11 8
 19 8 2
 19 11 8
 20 8 2
 20 8 6
 20 9 6
 20 10 6
 20 11 6
 16 4 2
 16 4 4
 16 5 4
 16 6 4
 16 7 4
 18 4 2
 18 4 6
 18 5 6
 18 6 6
 18 7 6
 18 7 8
 16 2 2
 17 2 2
 18 2 2
 18 12 2
 18 12 4
 18 13 4
 18 14 4
 18 15 4
 18 15 8
 19 12 2
 20 12 6
 20 13 6
 20 14 6
 20 15 6
 19 18 8
 20 18 8
 21 18 8
 22 18 8
 23 16 2
 23 16 6
 23 17 6
 23 18 6
 23 18 8
 21 11 2
 22 11 6
 22 12 6
 22 13 6
 22 14 6
 22 15 6
 21 5 2
 21 5 4
 21 6 4
 21 8 4
 21 9 4
 21 9 8
 22 4 4
 22 4 6
 22 10 4
 22 10 6
 23 5 2
 23 5 6
 23 6 6
 23 7 6
 23 8 6
 23 9 6
 23 9 8
 19 4 2
 19 4 4
 19 5 4
 19 6 4
 19 7 4
 19 7 8
 20 4 2
 20 4 6
 20 5 6
 20 6 6
 20 7 8
 21 1 2
 21 1 4
 21 3 8
 22 1 2
 23 1 2
 23 1 6
 23 2 6
 23 3 6
 23 3 8
 19 2 2
 19 3 8
 20 2 2
 20 3 6
 20 3 8
