 14 2 2
 14 2 4
 15 2 2
 16 2 2
 2 16 4
 2 17 4
 2 17 8
 3 17 8
 12 14 2
 12 15 8
 13 14 2
 13 14 6
 13 15 6
 13 15 8
 18 7 2
 19 7 2
 20 7 6
 20 8 6
 20 9 6
 20 10 6
 20 11 6
 20 12 6
 20 13 6
 20 14 6
 20 15 6
 18 17 8
 19 17 8
 20 17 8
 21 16 2
 21 17 8
 22 16 2
 22 16 6
 22 17 6
 22 17 8
 14 16 4
 14 17 4
 14 17 8
 15 17 8
 16 17 8
 17 17 8
 17 1 2
 17 1 8
 17 1 4
 17 1 6
 17 2 2
 17 2 8
 17 2 4
 17 2 6
 17 3 2
 17 3 8
 17 3 4
 17 3 6
 18 1 2
 18 1 8
 18 1 4
 18 1 6
 18 6 8
 19 1 2
 19 1 8
 19 1 4
 19 1 6
 19 6 8
 20 1 2
 20 1 8
 20 1 4
 20 1 6
 21 1 2
 21 1 8
 21 1 4
 21 1 6
 21 2 2
 21 2 8
 21 2 4
 21 2 6
 21 3 2
 21 3 8
 21 3 4
 21 3 6
 21 4 6
 21 5 6
 21 6 6
 21 6 8
 2 2 2
 2 2 4
 2 3 4
 2 4 4
 2 5 4
 2 6 4
 2 7 4
 2 8 4
 2 9 4
 2 10 4
 2 11 4
 2 12 4
 3 2 2
 4 2 2
 5 2 2
 6 2 2
 7 2 2
 8 2 2
 9 2 2
 10 2 2
 10 2 6
 11 3 2
 11 3 4
 11 5 4
 11 6 4
 12 3 2
 13 3 2
 1 13 2
 1 13 4
 1 14 4
 1 15 4
 1 15 8
 2 13 2
 3 13 6
 3 14 6
 3 15 6
 4 13 4
 4 14 4
 4 15 4
 4 15 8
 5 15 8
 6 15 8
 7 15 8
 8 18 4
 8 18 8
 9 18 8
 10 18 8
 11 18 6
 11 18 8
 12 16 2
 12 17 8
 13 16 2
 13 16 6
 13 17 6
 13 17 8
 4 16 2
 4 17 8
 5 16 2
 5 17 8
 6 16 2
 6 17 8
 7 16 2
 7 16 6
 7 17 8
