 2 16 4
 2 17 4
 2 18 4
 2 18 8
 3 18 8
 12 10 4
 12 11 4
 12 13 4
 12 14 4
 12 14 8
 13 10 2
 13 14 8
 14 10 2
 14 10 6
 14 11 6
 14 13 6
 14 14 6
 14 14 8
 10 10 4
 10 11 4
 10 13 4
 10 14 4
 10 14 8
 11 10 6
 11 11 6
 11 13 6
 11 14 6
 11 14 8
 5 10 2
 5 10 4
 5 11 4
 5 12 4
 5 12 8
 6 10 2
 1 11 4
 1 12 4
 1 13 4
 1 14 4
 1 15 4
 1 15 8
 1 8 2
 1 8 4
 1 9 4
 1 10 4
 4 8 4
 4 9 4
 4 9 8
 5 9 8
 6 9 8
 8 9 8
 4 18 8
 5 18 8
 6 18 8
 7 18 6
 7 18 8
 8 17 8
 9 17 8
 10 17 8
 11 17 8
 12 17 8
 13 18 4
 13 18 8
 14 18 8
 15 15 2
 15 18 8
 15 11 2
 15 11 4
 15 13 4
 15 13 8
 16 10 2
 16 10 4
 16 14 4
 16 14 8
 18 10 2
 18 10 6
 18 14 6
 18 14 8
 19 11 2
 19 11 6
 19 13 6
 19 13 8
 20 10 4
 20 14 4
 18 16 8
 19 15 2
 19 16 8
 20 16 8
 21 16 8
 22 16 8
 23 16 8
 24 17 4
 24 17 8
 25 17 8
 26 14 6
 26 15 6
 26 16 6
 26 17 6
 26 17 8
 26 10 2
 27 10 2
 27 10 6
 27 11 6
 27 12 6
 27 13 6
 27 13 8
 16 15 2
 16 18 4
 16 18 8
 17 15 6
 17 16 6
 17 17 6
 17 18 6
 17 18 8
 13 7 2
 13 9 8
 14 7 2
 14 9 8
 15 7 2
 15 9 8
 16 7 2
 16 9 8
 17 7 2
 18 7 2
 18 8 6
 18 9 6
 18 9 8
 9 5 2
 10 5 2
 11 5 2
 12 5 2
 12 5 6
 12 6 6
 6 1 2
 6 1 4
 6 2 4
 7 1 2
 8 1 2
 1 3 2
 1 3 4
 1 4 4
 1 5 4
 1 5 8
 2 3 2
 3 3 2
 4 3 2
 5 3 2
 2 6 4
 2 7 4
 9 1 2
 10 1 2
 11 1 2
 12 1 2
 12 1 6
 12 2 6
 19 1 2
 19 1 4
 20 1 2
 21 1 2
 22 1 2
 23 1 2
 23 1 6
 15 2 2
 15 2 4
 16 2 2
 17 2 2
 18 2 2
 13 3 2
 14 3 2
 24 2 2
 24 3 4
 24 4 4
 24 4 8
 25 2 2
 25 4 8
 26 2 2
 26 2 6
 26 3 6
 26 4 6
 24 5 2
 24 7 8
 25 5 2
 26 7 8
 27 5 2
 27 5 6
 27 6 6
 27 7 6
 27 7 8
 24 8 2
 24 8 4
 25 8 6
 25 9 6
 19 9 8
