 27 7 2
 27 7 4
 27 8 4
 27 9 4
 27 9 8
 28 7 2
 28 7 6
 28 9 6
 28 9 8
 29 8 2
 29 9 4
 29 9 8
 30 6 4
 30 6 6
 30 7 4
 30 7 6
 31 8 2
 31 9 6
 31 9 8
 29 1 2
 29 1 4
 29 2 4
 29 4 4
 29 5 4
 29 5 8
 30 1 2
 31 1 2
 31 1 6
 31 2 6
 31 4 6
 31 5 6
 31 5 8
 27 1 2
 27 1 4
 27 2 4
 28 1 2
 28 6 6
 32 2 2
 32 2 4
 32 4 4
 32 4 8
 33 1 2
 33 1 4
 33 5 4
 34 1 2
 35 1 2
 35 1 6
 35 2 6
 35 4 6
 35 5 6
 36 3 2
 36 4 4
 36 5 4
 36 5 8
 37 2 2
 37 2 4
 37 6 4
 37 6 8
 38 2 2
 38 2 6
 38 6 6
 39 3 2
 39 3 6
 39 4 6
 39 5 6
 39 5 8
 36 7 2
 36 7 4
 36 8 8
 37 7 2
 37 8 8
 38 7 6
 38 8 6
 38 8 8
 29 10 2
 29 10 4
 29 11 4
 29 12 4
 29 13 4
 29 14 4
 29 15 4
 29 16 8
 30 16 8
 31 10 2
 31 16 8
 32 10 2
 33 10 2
 33 16 8
 34 16 8
 35 10 2
 35 10 6
 35 11 6
 35 12 6
 35 13 6
 35 14 6
 35 15 6
 35 16 8
 27 16 2
 27 16 4
 27 18 4
 27 19 8
 28 16 2
 28 17 6
 28 18 6
 28 19 6
 28 19 8
 25 19 2
 25 19 4
 25 20 4
 25 20 8
 26 19 2
 26 20 6
 26 20 8
 25 17 2
 25 17 4
 25 18 4
 25 18 8
 26 17 2
 26 18 6
 26 18 8
 32 6 2
 32 6 4
 32 7 4
 35 6 6
 36 12 2
 36 12 4
 36 13 4
 36 14 4
 36 15 4
 36 16 8
 37 11 2
 37 11 4
 37 17 4
 37 17 8
 38 13 6
 38 14 6
 38 15 6
 39 11 2
 39 11 6
 39 12 6
 39 12 8
 39 16 2
 39 16 6
 39 17 6
 39 17 8
 36 18 2
 36 18 4
 36 19 4
 36 19 8
 37 18 2
 37 19 8
 38 18 6
 38 19 6
 38 19 8
 36 9 2
 36 10 4
 36 10 8
 37 9 2
 37 10 8
 38 9 2
 39 9 2
 39 9 6
 39 10 6
 39 10 8
 29 17 2
 29 17 4
 29 18 4
 29 19 4
 29 21 8
 30 17 2
 30 21 8
 31 17 2
 31 21 8
 33 17 2
 33 21 8
 34 17 2
 34 21 8
 35 17 2
 35 17 6
 35 18 6
 35 19 6
 35 20 6
 35 21 8
 36 20 2
 36 20 4
 36 21 8
 37 20 2
 37 21 8
 38 20 2
 38 20 6
 38 21 6
 38 21 8
 32 22 4
 32 23 4
 32 24 4
 32 24 8
 33 22 2
 33 24 8
 34 22 2
 34 24 8
 35 22 2
 35 22 6
 35 23 6
 35 24 6
 35 24 8
 27 21 4
 27 24 8
 29 22 2
 29 23 4
 29 24 4
 29 24 8
 30 22 2
 30 24 8
 31 22 2
 31 22 6
 31 23 6
 31 24 6
 27 26 2
 27 26 4
 27 28 4
 27 28 8
 28 25 2
 28 25 4
 28 29 4
 28 29 8
 29 25 2
 29 29 8
 30 25 2
 30 29 8
 32 25 2
 32 29 8
 33 25 2
 33 29 8
 34 25 2
 34 25 6
 34 29 6
 34 29 8
 35 26 2
 35 26 6
 35 28 6
 35 28 8
 30 30 2
 30 30 4
 30 31 4
 30 32 4
 30 32 8
 31 30 6
 31 32 6
 31 32 8
 32 30 2
 32 30 4
 32 32 4
 32 32 8
 33 30 2
 34 30 2
 34 30 6
 34 31 6
 34 32 6
 34 32 8
 31 33 2
 31 34 4
 31 35 4
 31 36 8
 32 33 2
 32 36 8
 34 33 2
 34 33 6
 34 34 6
 34 35 6
 34 36 6
 34 36 8
 29 33 2
 29 33 4
 29 34 4
 29 35 4
 29 35 8
 30 33 2
 30 34 6
 30 35 6
 30 35 8
 31 37 2
 31 37 4
 31 38 4
 31 39 4
 31 39 8
 32 37 2
 32 39 8
 33 39 8
 34 37 2
 34 37 6
 34 38 6
 34 39 6
 34 39 8
 29 36 2
 29 36 4
 29 37 4
 29 38 4
 29 38 8
 30 36 2
 30 37 6
 30 38 6
 30 38 8
 36 29 4
 38 29 8
 39 27 6
 39 28 6
 39 29 6
 39 29 8
 35 30 2
 35 30 4
 35 31 4
 36 31 8
 37 30 6
 37 31 6
 37 31 8
 35 32 4
 35 33 4
 35 33 8
 35 35 2
 35 35 4
 35 36 4
 36 32 2
 36 32 6
 36 34 4
 36 36 6
 36 36 8
 37 33 2
 37 35 8
 38 32 2
 38 32 4
 38 34 6
 38 36 4
 38 36 8
 39 32 2
 39 32 6
 39 33 6
 39 33 8
 39 35 2
 39 35 6
 39 36 6
 35 38 8
 36 38 8
 37 37 2
 37 38 8
 38 38 8
 39 37 6
 39 38 6
 39 38 8
 36 25 4
 38 24 2
 39 24 2
 39 24 6
 39 25 6
 39 26 6
 36 22 2
 36 22 4
 36 23 4
 37 22 2
 37 22 6
 37 23 6
 37 23 8
 25 27 2
 25 27 4
 25 28 4
 25 28 8
 26 27 2
 26 28 6
 26 28 8
 22 22 2
 22 22 4
 22 23 4
 22 25 4
 22 26 4
 22 26 8
 23 22 2
 23 26 8
 25 22 2
 25 26 8
 26 22 2
 26 22 6
 26 23 6
 26 25 6
 26 26 6
 26 26 8
 22 27 2
 22 27 4
 22 28 4
 22 29 4
 22 30 4
 22 30 8
 23 27 2
 23 30 8
 24 27 6
 24 28 6
 24 29 6
 24 30 6
 24 30 8
 20 20 2
 21 20 2
 21 21 8
 22 20 2
 22 21 8
 23 20 2
 23 21 8
 24 20 2
 24 20 6
 24 21 6
 20 23 8
 21 22 2
 21 22 6
 21 23 6
 21 23 8
 18 24 4
 18 25 4
 18 26 4
 19 26 8
 20 24 2
 20 26 8
 21 24 2
 21 25 6
 21 26 6
 21 26 8
 15 27 2
 15 27 4
 15 28 4
 15 29 4
 15 30 4
 15 32 4
 15 33 4
 15 34 4
 15 35 4
 15 35 8
 16 27 2
 16 35 8
 17 27 2
 17 35 8
 19 27 2
 19 35 8
 20 27 2
 20 35 8
 21 27 2
 21 27 6
 21 28 6
 21 29 6
 21 30 6
 21 32 6
 21 33 6
 21 34 6
 21 35 6
 21 35 8
 22 31 2
 22 32 4
 22 32 8
 23 31 2
 24 31 2
 24 31 6
 24 32 6
 24 32 8
 22 33 2
 22 33 4
 22 34 4
 22 34 8
 23 33 6
 23 34 6
 23 34 8
 14 38 8
 15 38 8
 16 38 8
 17 38 8
 18 38 8
 10 33 4
 10 35 4
 10 35 8
 11 35 8
 12 35 8
 13 35 8
 14 33 6
 14 34 6
 14 35 6
 6 34 2
 6 35 4
 6 36 4
 6 36 8
 7 34 2
 7 36 8
 8 34 2
 8 36 8
 9 34 2
 9 35 6
 9 36 8
 1 29 2
 1 29 4
 1 30 4
 1 31 4
 1 32 4
 1 33 4
 1 34 4
 1 35 4
 1 35 8
 2 32 6
 3 29 2
 3 31 8
 3 33 2
 4 29 2
 4 32 4
 5 29 2
 5 29 6
 5 31 6
 5 32 6
 5 33 6
 5 35 6
 5 35 8
 6 30 2
 6 31 4
 6 32 4
 6 33 4
 6 33 8
 7 30 2
 7 33 8
 8 30 2
 8 33 8
 9 30 2
 9 30 6
 9 31 6
 9 32 6
 9 33 6
 9 33 8
 1 26 2
 1 26 4
 1 27 4
 1 28 4
 1 28 8
 3 26 2
 3 28 8
 4 26 2
 4 28 8
 5 26 2
 5 26 6
 5 28 6
 5 28 8
 1 24 4
 1 25 4
 1 25 8
 2 24 2
 3 24 2
 3 25 8
 4 24 2
 4 25 8
 5 24 2
 5 24 6
 5 25 6
 5 25 8
 1 22 2
 1 22 4
 1 23 4
 2 22 2
 2 23 8
 3 22 2
 3 23 8
 4 22 2
 4 23 8
 5 22 2
 5 22 6
 5 23 6
 5 23 8
 6 27 2
 6 28 4
 6 29 4
 6 29 8
 7 27 2
 7 29 8
 8 27 2
 8 29 8
 9 27 2
 9 27 6
 9 28 6
 9 29 6
 9 29 8
 1 36 4
 1 37 4
 1 38 4
 1 38 8
 2 38 8
 3 38 8
 4 38 8
 5 38 8
 6 37 2
 6 37 4
 6 38 8
 7 37 2
 7 38 8
 8 37 2
 8 38 8
 9 37 2
 9 38 8
 19 36 2
 19 36 4
 19 37 4
 19 38 8
 20 36 2
 20 38 8
 21 36 2
 21 37 6
 21 38 6
 21 38 8
 22 35 2
 22 35 4
 22 37 4
 22 38 4
 22 38 8
 23 35 2
 23 35 6
 23 37 6
 23 38 8
 24 33 2
 24 33 4
 24 34 4
 24 35 4
 24 36 8
 25 36 8
 26 33 2
 26 33 6
 26 34 6
 26 35 6
 26 36 8
 25 29 2
 25 29 4
 25 30 4
 25 31 4
 25 32 4
 26 29 2
 26 29 6
 26 31 6
 26 32 6
 26 32 8
 27 30 2
 27 31 4
 27 31 8
 28 30 2
 28 30 6
 28 31 6
 28 31 8
 27 32 2
 27 32 4
 27 33 4
 27 34 4
 27 35 4
 27 36 8
 28 32 2
 28 32 6
 28 33 6
 28 34 6
 28 35 6
 28 36 6
 28 36 8
 24 37 2
 24 37 4
 24 39 4
 24 39 8
 25 37 2
 25 39 8
 26 37 2
 26 37 6
 26 39 6
 26 39 8
 27 37 2
 27 37 4
 27 38 8
 28 37 2
 28 37 6
 28 38 6
 28 38 8
 10 39 4
 10 39 8
 11 39 8
 12 39 8
 13 39 6
 13 39 8
 10 27 4
 10 28 4
 10 29 4
 10 30 4
 10 30 8
 11 27 2
 11 30 8
 12 27 2
 12 30 8
 13 27 2
 13 27 6
 14 28 2
 14 28 6
 14 29 6
 14 30 6
 14 30 8
 6 20 2
 6 20 4
 6 22 4
 6 23 4
 6 24 4
 6 25 4
 6 26 4
 6 26 8
 7 20 2
 7 26 8
 8 20 2
 8 26 8
 9 20 2
 9 26 8
 11 20 2
 11 26 8
 12 20 2
 12 26 8
 13 20 2
 13 26 8
 14 20 2
 14 20 6
 14 24 6
 14 25 6
 14 26 6
 14 26 8
 14 18 2
 14 18 4
 14 19 4
 14 19 8
 15 18 2
 15 18 6
 15 19 6
 15 24 2
 15 24 4
 15 25 4
 15 26 4
 15 26 8
 16 24 2
 16 26 8
 17 24 6
 17 25 6
 17 26 6
 17 26 8
 16 17 2
 16 17 4
 16 18 4
 16 19 4
 16 19 8
 17 17 2
 18 17 2
 18 17 6
 18 19 6
 18 19 8
 19 17 2
 19 17 4
 19 19 4
 20 17 2
 20 17 6
 20 18 6
 20 19 6
 20 19 8
 1 20 2
 1 20 4
 1 21 4
 1 21 8
 2 20 2
 2 21 8
 3 20 2
 3 21 8
 4 20 2
 4 21 8
 5 20 2
 5 20 6
 5 21 8
 9 18 2
 9 18 4
 9 19 4
 9 19 8
 10 18 2
 11 19 8
 12 18 2
 12 19 8
 13 18 2
 13 18 6
 13 19 6
 13 19 8
 9 12 2
 9 12 4
 9 13 4
 9 14 4
 9 16 4
 9 17 4
 9 17 8
 10 12 2
 10 17 8
 12 12 2
 12 17 8
 13 12 2
 13 12 6
 13 13 6
 13 14 6
 13 16 6
 13 17 6
 13 17 8
 10 11 8
 12 11 8
 13 10 2
 13 10 6
 13 11 6
 13 11 8
 7 13 4
 7 14 4
 7 15 4
 7 15 8
 8 12 6
 8 13 6
 8 14 6
 8 15 8
 2 12 2
 2 12 4
 2 13 4
 2 14 4
 2 15 4
 2 16 4
 2 17 4
 2 17 8
 3 12 2
 3 17 8
 5 12 2
 5 17 8
 6 12 2
 6 13 6
 6 14 6
 6 15 6
 6 16 6
 6 17 8
 1 10 2
 1 10 4
 1 11 4
 1 11 8
 2 10 2
 5 10 2
 6 10 2
 2 18 4
 2 19 4
 6 19 6
 7 17 2
 7 18 4
 7 18 8
 8 17 2
 8 17 6
 8 18 6
 8 18 8
 14 12 2
 14 12 4
 14 13 4
 14 14 4
 14 16 4
 14 17 4
 14 17 8
 15 12 6
 15 13 6
 15 14 6
 15 15 6
 15 17 6
 15 17 8
 16 12 2
 16 12 4
 16 13 4
 16 14 4
 16 15 4
 16 16 8
 17 12 2
 17 16 8
 18 12 2
 18 16 8
 19 13 6
 19 14 6
 19 15 6
 19 16 6
 19 16 8
 20 12 2
 20 13 4
 20 14 4
 20 15 4
 20 16 4
 20 16 8
 21 12 2
 21 13 6
 21 14 6
 21 15 6
 21 16 6
 21 16 8
 22 11 2
 22 11 4
 22 13 4
 22 14 4
 22 15 4
 22 15 8
 23 10 4
 23 16 4
 23 16 8
 24 10 2
 25 10 2
 25 10 6
 25 16 6
 25 16 8
 26 11 2
 26 11 6
 26 13 6
 26 15 6
 26 15 8
 21 17 2
 21 17 4
 21 18 4
 21 19 4
 21 19 8
 22 17 2
 22 19 8
 23 17 2
 23 19 8
 24 17 6
 24 18 6
 24 19 6
 24 19 8
 27 10 2
 27 10 4
 27 11 4
 27 12 8
 28 10 2
 28 10 6
 28 11 6
 28 12 6
 28 12 8
 27 13 2
 27 13 4
 27 15 4
 27 15 8
 28 13 2
 28 13 6
 28 14 6
 28 15 6
 28 15 8
 14 8 2
 14 9 4
 14 10 4
 14 10 8
 15 7 4
 15 11 4
 16 7 2
 16 11 8
 17 7 2
 17 8 6
 17 9 6
 17 10 6
 17 11 8
 18 7 2
 18 7 8
 18 11 2
 18 11 8
 19 5 2
 19 5 4
 19 6 4
 19 8 4
 19 8 8
 20 5 2
 21 5 2
 21 5 6
 21 8 6
 21 8 8
 19 9 4
 19 10 4
 21 10 6
 14 2 2
 14 2 4
 14 3 4
 14 4 4
 14 5 4
 14 6 8
 15 2 2
 15 2 6
 15 3 6
 15 5 6
 15 6 6
 16 2 2
 16 2 4
 16 3 4
 16 5 4
 16 6 4
 16 6 8
 17 2 2
 17 6 8
 18 2 2
 18 2 6
 18 3 6
 18 5 6
 18 6 6
 18 6 8
 19 2 2
 19 2 4
 19 3 4
 19 4 8
 20 2 2
 20 4 8
 21 2 2
 21 2 6
 21 4 6
 21 4 8
 22 1 2
 22 1 4
 22 2 4
 22 4 4
 22 5 4
 23 1 2
 24 1 2
 24 1 6
 24 2 6
 24 4 6
 24 5 6
 22 9 8
 23 9 6
 25 3 2
 25 4 4
 25 5 4
 25 5 8
 26 3 2
 26 3 6
 26 4 6
 26 5 6
 26 5 8
 24 8 4
 24 8 8
 25 6 2
 25 9 4
 25 9 8
 26 6 2
 26 6 6
 26 7 6
 26 8 6
 26 9 6
 26 9 8
 7 3 2
 7 5 4
 7 9 4
 8 3 2
 9 3 2
 10 3 2
 11 3 2
 12 3 2
 13 3 2
 13 7 6
 1 1 2
 1 1 4
 1 2 4
 1 3 4
 1 4 4
 1 4 8
 2 1 2
 2 1 6
 2 4 6
 2 4 8
 3 2 2
 3 3 8
 4 2 2
 4 3 8
 5 1 2
 5 1 4
 5 4 4
 5 4 8
 6 1 2
 6 1 6
 6 2 6
 6 3 6
 6 4 8
 1 6 2
 1 6 4
 1 7 4
 1 8 4
 1 8 6
 1 8 8
 2 5 2
 2 5 4
 2 7 8
 3 5 2
 3 8 4
 3 9 4
 4 5 2
 4 8 6
 4 9 6
 5 5 2
 5 5 6
 5 7 8
 6 6 2
 6 7 6
 6 8 4
 6 8 6
 6 8 8
