 4 1 2
 4 1 4
 5 1 2
 6 1 2
 6 1 6
 2 13 4
 2 14 4
 2 15 4
 2 16 4
 2 16 8
 3 16 8
 4 16 8
 10 17 4
 10 17 8
 11 16 6
 11 17 6
 11 17 8
 14 2 2
 15 2 2
 16 2 2
 7 6 2
 7 6 4
 7 7 4
 7 7 8
 8 6 2
 9 6 2
 9 6 6
 9 7 6
 9 7 8
 7 8 2
 7 8 8
 7 8 4
 7 8 6
 7 9 2
 7 9 8
 7 9 4
 7 9 6
 7 11 4
 7 12 4
 7 12 8
 9 8 2
 9 8 8
 9 8 4
 9 8 6
 9 9 2
 9 9 8
 9 9 4
 9 9 6
 9 11 6
 9 12 6
 9 12 8
 7 13 2
 7 13 4
 7 14 4
 7 15 4
 7 16 4
 7 16 8
 8 16 8
 9 13 2
 9 13 6
 9 16 6
 9 16 8
 4 7 2
 4 7 4
 4 8 4
 4 9 4
 4 11 4
 4 12 4
 4 12 8
 6 7 2
 6 7 6
 6 8 6
 6 9 6
 6 11 6
 6 12 6
 6 12 8
 4 5 4
 4 6 4
 4 6 8
 6 6 6
 6 6 8
 7 2 2
 7 5 8
 8 2 2
 8 5 8
 9 2 2
 9 2 6
 9 3 6
 9 5 6
 9 5 8
 10 1 2
 10 1 4
 10 2 4
 10 3 4
 10 4 8
 11 1 2
 11 2 6
 11 3 6
 11 4 6
 11 4 8
 12 1 2
 12 2 4
 12 3 4
 12 3 8
 13 1 2
 13 1 6
 13 3 8
 2 9 2
 2 9 4
 2 10 4
 2 11 4
 2 12 4
 3 9 6
 3 11 6
 3 12 6
 2 5 4
 2 6 4
 2 7 4
 2 8 4
 2 8 8
 3 5 2
 3 5 6
 3 6 6
 3 7 6
 3 8 6
 2 2 2
 2 2 4
 2 3 4
 2 4 4
 3 2 2
 3 2 6
 3 4 6
 3 4 8
 5 17 4
 5 17 8
 6 13 2
 6 13 6
 6 14 6
 6 15 6
 6 16 6
 6 17 6
 6 17 8
 10 7 2
 10 7 4
 10 8 4
 10 9 4
 10 11 4
 11 7 2
 11 7 6
 11 8 6
 11 9 6
 11 10 6
 12 9 2
 12 9 4
 12 10 4
 13 9 2
 13 9 6
 13 10 6
 13 11 6
 13 12 6
 12 15 8
 13 15 8
 14 15 8
 15 15 8
 16 15 8
 17 13 2
 17 13 4
 17 16 4
 17 17 4
 17 17 8
 18 17 8
 19 13 2
 19 13 6
 19 14 6
 19 15 6
 19 16 6
 19 17 6
 19 17 8
 16 5 4
 16 6 4
 16 8 4
 16 12 8
 17 5 2
 17 12 8
 18 7 2
 18 7 8
 18 7 4
 18 7 6
 18 10 2
 18 10 8
 18 10 4
 18 10 6
 19 5 2
 19 12 8
 20 5 2
 20 5 6
 20 6 6
 20 7 6
 20 8 6
 20 9 6
 20 10 6
 20 11 6
 20 12 6
 20 12 8
 17 1 2
 17 1 4
 17 4 4
 17 4 8
 18 1 2
 19 1 2
 19 4 8
 20 1 2
 20 1 8
 20 1 4
 20 1 6
 20 2 2
 20 2 8
 20 2 4
 20 2 6
 20 3 2
 20 3 8
 20 3 4
 20 3 6
 20 4 2
 20 4 8
 20 4 4
 20 4 6
 14 5 4
 14 7 4
 14 8 4
 14 8 8
 15 5 6
 15 6 6
 15 8 6
 15 8 8
 12 4 2
 12 4 4
 12 5 4
 12 7 4
 12 8 4
 12 8 8
 13 4 2
 13 5 6
 13 7 6
 13 8 6
 13 8 8
 10 5 2
 10 5 4
 10 6 4
 10 6 8
 11 5 2
 11 5 6
 11 6 8
