 7 18 8
 8 18 8
 9 18 8
 10 18 8
 11 18 8
 12 18 8
 13 18 8
 20 5 6
 20 6 6
 20 6 8
 16 2 2
 16 2 4
 16 4 4
 16 4 8
 17 2 2
 18 2 2
 19 2 2
 20 2 2
 20 2 6
 20 3 6
 20 4 6
 20 4 8
 14 1 2
 14 1 4
 14 3 4
 14 4 4
 14 4 8
 15 1 2
 15 1 6
 15 2 6
 15 4 6
 15 4 8
 12 2 2
 12 3 4
 12 4 4
 12 4 8
 13 2 2
 13 3 6
 13 4 6
 13 4 8
 10 2 2
 10 2 4
 10 4 8
 11 2 2
 11 3 6
 11 4 6
 11 4 8
 7 3 2
 8 3 2
 9 3 2
 5 3 2
 5 3 4
 5 4 4
 5 4 8
 6 3 2
 6 4 8
 12 5 2
 12 5 4
 12 6 4
 12 8 4
 12 9 4
 12 9 8
 13 5 2
 14 5 2
 15 5 2
 16 5 2
 19 7 6
 19 8 6
 19 9 6
 19 10 6
 19 11 6
 19 12 6
 19 13 6
 16 18 8
 17 18 8
 18 18 8
 19 14 6
 19 15 6
 19 16 6
 19 17 6
 19 18 6
 19 18 8
 14 18 8
 15 18 8
 10 5 2
 10 6 4
 10 7 4
 10 8 4
 10 9 4
 11 5 2
 11 5 6
 11 6 6
 11 8 6
 11 9 6
 5 5 2
 5 5 4
 5 6 4
 5 7 4
 5 8 4
 5 9 4
 6 5 2
 6 9 8
 7 5 2
 8 5 2
 9 5 2
 9 6 6
 9 7 6
 9 8 6
 9 9 6
 5 10 4
 5 11 4
 5 12 4
 5 13 4
 6 10 2
 6 13 8
 4 14 4
 4 15 4
 4 17 4
 4 18 4
 4 18 8
 5 18 8
 6 14 2
 6 15 6
 6 18 6
 6 18 8
 2 14 2
 2 14 4
 2 15 4
 2 16 4
 2 17 4
 2 18 4
 2 18 8
 3 18 8
 3 10 4
 3 11 4
 3 12 4
 3 13 4
 3 8 4
 3 9 4
 3 9 8
 4 8 6
 4 9 6
 2 5 4
 2 6 4
 2 7 4
 2 7 8
 1 1 2
 1 1 4
 1 2 4
 1 3 4
 1 4 4
 1 4 8
 2 1 2
 3 1 2
 4 1 2
 4 1 6
 4 2 6
 4 3 6
 4 4 6
 4 4 8
