 16 9 2
 16 9 4
 16 13 4
 16 14 4
 16 15 4
 16 15 8
 17 9 2
 17 15 8
 18 15 8
 19 9 2
 19 15 8
 20 9 2
 20 9 6
 20 10 6
 20 11 6
 20 12 6
 20 13 6
 20 14 6
 20 15 6
 20 15 8
 12 2 2
 12 2 8
 12 2 4
 12 2 6
 12 4 4
 12 5 4
 12 6 4
 12 7 4
 12 8 4
 13 2 2
 13 2 8
 13 2 4
 13 2 6
 14 2 2
 14 2 8
 14 2 4
 14 2 6
 15 2 2
 15 2 8
 15 2 4
 15 2 6
 16 2 2
 16 2 8
 16 2 4
 16 2 6
 16 8 8
 17 2 2
 17 2 8
 17 2 4
 17 2 6
 17 8 8
 18 2 2
 18 2 8
 18 2 4
 18 2 6
 18 4 6
 18 5 6
 18 6 6
 18 7 6
 18 8 6
 9 3 2
 9 3 4
 9 4 4
 9 4 8
 10 3 2
 10 4 8
 11 3 2
 11 4 6
 11 4 8
 19 1 2
 19 1 8
 19 1 4
 19 1 6
 19 2 4
 19 4 4
 19 4 8
 20 1 2
 20 1 8
 20 1 4
 20 1 6
 20 4 8
 21 1 2
 21 1 8
 21 1 4
 21 1 6
 21 2 6
 21 3 6
 21 4 6
 19 5 2
 19 5 8
 19 5 4
 19 5 6
 19 6 4
 19 7 4
 19 8 4
 19 8 8
 20 5 2
 20 8 8
 21 5 6
 21 6 6
 21 7 6
 21 8 6
 21 8 8
 12 13 4
 12 15 4
 12 15 8
 13 15 8
 14 15 8
 15 13 6
 15 14 6
 15 15 6
 15 15 8
 9 12 2
 9 12 4
 9 13 4
 9 14 4
 9 15 4
 9 16 4
 9 16 8
 10 16 8
 11 12 2
 11 13 6
 11 15 6
 11 16 6
 11 16 8
 9 8 2
 9 8 4
 9 10 4
 9 11 4
 9 11 8
 11 8 2
 11 8 6
 11 11 6
 11 11 8
 9 5 2
 9 5 4
 9 6 4
 9 7 4
 9 7 8
 10 5 2
 11 5 2
 11 5 6
 11 6 6
 11 7 6
 11 7 8
 2 6 2
 2 6 4
 2 7 4
 2 8 4
 2 9 4
 2 10 4
 2 11 4
 2 12 4
 2 12 8
 4 6 2
 4 12 8
 5 6 2
 5 12 8
 6 6 2
 6 12 8
 7 6 2
 7 12 8
 8 6 6
 8 7 6
 8 8 6
 8 10 6
 8 11 6
 8 12 6
 5 13 2
 5 13 4
 5 14 4
 5 15 4
 5 15 8
 6 13 2
 6 15 8
 7 13 2
 7 15 8
 8 13 6
 8 14 6
 8 15 6
 8 15 8
 1 13 2
 1 13 4
 1 14 4
 1 15 4
 1 15 8
 2 13 2
 2 15 8
 3 15 2
 3 15 8
 3 15 4
 3 15 6
 4 13 2
 4 13 8
 4 13 4
 4 13 6
 4 14 2
 4 14 8
 4 14 4
 4 14 6
 4 15 2
 4 15 8
 4 15 4
 4 15 6
 6 3 2
 6 3 4
 6 4 4
 6 5 4
 6 5 8
 7 3 2
 7 5 8
 8 3 2
 8 3 6
 8 4 6
 8 5 6
 2 2 2
 2 2 8
 2 2 4
 2 2 6
 2 3 4
 2 4 4
 2 5 2
 2 5 8
 2 5 4
 2 5 6
 3 2 2
 4 2 2
 4 5 8
 5 2 2
 5 2 8
 5 2 4
 5 2 6
 5 3 6
 5 4 6
 5 5 2
 5 5 8
 5 5 4
 5 5 6
