 9 15 8
 10 15 8
 20 3 2
 21 3 2
 22 3 2
 23 3 2
 24 3 2
 24 3 6
 24 4 6
 24 5 6
 24 5 8
 13 16 4
 13 16 8
 14 16 8
 15 16 8
 16 16 8
 17 16 6
 17 16 8
 2 12 4
 2 13 4
 2 14 4
 2 15 4
 2 15 8
 3 15 8
 24 8 2
 24 8 6
 24 9 6
 24 10 6
 24 11 6
 24 11 8
 3 3 2
 3 3 4
 3 4 4
 4 3 2
 11 15 8
 12 15 8
 17 2 2
 18 2 2
 19 2 2
 19 2 6
 23 6 6
 23 7 6
 12 8 2
 12 8 4
 12 10 4
 12 11 4
 12 11 8
 14 8 2
 14 8 6
 14 9 6
 14 10 6
 14 11 6
 14 11 8
 9 8 2
 9 8 4
 9 9 4
 9 10 4
 9 11 4
 9 11 8
 10 8 2
 11 8 2
 11 8 6
 11 10 6
 11 11 6
 11 11 8
 14 1 2
 15 1 2
 16 1 2
 16 1 6
 15 8 4
 15 9 4
 15 10 4
 15 11 4
 16 8 2
 16 8 6
 16 9 6
 16 11 6
 18 15 8
 19 15 8
 20 15 8
 21 12 2
 21 12 4
 21 13 4
 21 15 4
 21 15 8
 22 15 8
 23 12 2
 23 12 6
 23 13 6
 23 14 6
 23 15 6
 23 15 8
 12 1 2
 12 1 4
 13 1 2
 13 1 6
 13 2 6
 13 3 6
 13 4 6
 13 4 8
 8 2 2
 9 2 2
 10 2 2
 11 2 2
 5 5 2
 5 6 4
 5 7 4
 7 5 2
 7 7 8
 1 5 2
 1 5 4
 1 6 4
 1 7 4
 1 7 8
 2 5 2
 3 5 2
 3 7 8
 4 6 6
 4 7 6
 4 7 8
 2 8 4
 2 9 4
 2 10 4
 2 11 4
 5 1 2
 5 1 4
 5 2 4
 6 1 2
 7 1 2
 7 1 6
 6 11 8
 7 8 2
 7 11 8
 8 8 6
 8 9 6
 8 10 6
 8 11 6
 4 13 4
 4 14 4
 4 15 8
 5 12 2
 5 15 8
 6 12 2
 6 12 8
 6 12 4
 6 12 6
 6 15 2
 6 15 8
 6 15 4
 6 15 6
 7 12 2
 7 15 8
 8 12 6
 8 13 6
 8 14 6
 8 15 6
 8 15 8
